24,225,84,13,51,263,6,29,78,
70,58,134,158,235,177,154,92,42,30,224,230,104,34,74,93,237,207,77,245,155,119,175,132,144,37,209,82,17,168,130,181,95,257,102,87,152,48,117,210,
85,253,169,105,247,261,136,220,141,106,249,240,
218,221,202,101,211,147,89,149,145,116,268,43,150,252,115,242,199,236,108,229,62,172,170,18,156,33,157,197,8,148,164,40,192,
217,176,266,248,7,182,142,
153,204,45,184,90,61,139,190,12,57,121,83,113,4,179,243,66,21,54,60,174,137,161,226,216,26,
2,120,112,140,3,0,109,173,15,232,79,44,107,264,255,128,
86,231,22,
73,96,5,241,254,52,91,133,262,188,
99,53,69,103,46,10,213,
201,19,20,196,55,50,76,203,25,68,129,251,
244,127,259,64,239,195,1,
114,250,
234,9,159,
32,98,185,146,100,41,36,16,208,180,138,143,246,223,205,227,258,228,167,219,260,163,71,238,193,267,35,125,126,
31,151,131,38,75,189,214,
14,94,191,206,194,135,183,47,124,256,215,222,28,27,198,59,160,39,166,56,81,65,233,
110,123,171,72,97,200,265,212,187,178,118,122,63,162,88,11,67,111,23,
165,186,49,80,
